1.162361886109695153e+00
2.652852380577651673e-02
3.851202465433777866e-01
9.156878570915613080e-01
6.578718292335216100e-01
1.582192843221648382e-01
-1.241542298616320761e-01
6.400230643337979641e-01
-4.201556602816044345e-02
-2.054095628232811277e-01
4.592870740001485097e-01
7.116397627061601394e-01
-1.219749651499233284e-01
-5.852203392503958490e-01
3.598263781392883609e-01
3.018676027514322069e-01
7.874620525002445914e-01
1.359716179787858970e+00
1.048971823680858728e+00
7.953016251875764109e-01
-1.200281951415613113e+00
-9.559564942855583447e-02
7.632638253757830782e-01
-3.063516380527172567e-01
-6.456253707512618067e-01
-3.986071504583549863e-01
1.725170906264577031e-01
1.206956072512896050e+00
3.780956796812466880e-01
2.170207615649263899e-01
8.052231981609005995e-01
