8.466547609453936030e-01
-1.947934967478053947e+00
7.000624538291054799e-01
9.136706684483459906e-01
5.712174557869408309e-01
-7.788182149430049606e-01
3.450025375405714190e-01
8.366449903506291141e-01
3.021657954002075486e-01
3.343979006697420098e-01
7.393188419069454120e-01
9.430012693492094700e-01
-1.483932410934241108e+00
5.972539803874656883e-01
8.051214095587582165e-01
4.517270650202797055e-01
4.682621355223420267e-01
4.220297954012652286e-01
7.956470278745416680e-01
7.405296127381448823e-01
3.678566969490995597e-01
1.679143327701841715e+00
5.273926931815005048e-01
1.522643102668100323e-01
3.905316997251829236e-01
5.442798387577483243e-01
5.189103564212881325e-01
2.753445107429463787e-02
4.614502124580108777e-01
7.207924952969221311e-01
7.984651050740190215e-01
7.246996339477923543e-01
7.192150019551745155e-01
5.102792291031994498e-01
1.130790427834345024e-01
2.895308881692805758e-01
3.515086048171495170e-01
5.330171399455603254e-01
2.161510418755269725e-01
7.507554100486283355e-01
3.017186146184065443e-01
1.631217782359785762e+00
8.636196969970143245e-02
4.789431193165731848e-01
2.098183036188237816e-01
9.715730867078239408e-01
5.869537450154623838e-03
6.569405806920358692e-01
9.794245488687005827e-03
-7.486467890862420760e-02
-1.346638677193688627e-01
-1.152198256885777761e-01
1.033821430300198241e+00
1.019794598245118006e-01
4.285819846653208254e-01
9.677164997965965743e-01
8.732141313079818667e-01
-1.893319222847142103e-01
9.236659242614768672e-01
-8.948835464771795478e-02
5.251882062704738008e-01
